       -3.018594
       -0.266478
        0.266478
        3.018594
       -3.018158
       -0.266478
        0.266478
        3.018158
       -3.016851
       -0.266477
        0.266477
        3.016851
       -3.014672
       -0.266476
        0.266476
        3.014672
       -3.011624
       -0.266474
        0.266474
        3.011624
       -3.007707
       -0.266472
        0.266472
        3.007707
       -3.002922
       -0.266469
        0.266469
        3.002922
       -2.997273
       -0.266465
        0.266465
        2.997273
       -2.990762
       -0.266461
        0.266461
        2.990762
       -2.983392
       -0.266456
        0.266456
        2.983392
       -2.975165
       -0.266451
        0.266451
        2.975165
       -2.966086
       -0.266445
        0.266445
        2.966086
       -2.956160
       -0.266439
        0.266439
        2.956160
       -2.945389
       -0.266432
        0.266432
        2.945389
       -2.933779
       -0.266424
        0.266424
        2.933779
       -2.921336
       -0.266416
        0.266416
        2.921336
       -2.908065
       -0.266407
        0.266407
        2.908065
       -2.893972
       -0.266397
        0.266397
        2.893972
       -2.879063
       -0.266387
        0.266387
        2.879063
       -2.863345
       -0.266375
        0.266375
        2.863345
       -2.846826
       -0.266363
        0.266363
        2.846826
       -2.829512
       -0.266351
        0.266351
        2.829512
       -2.811411
       -0.266337
        0.266337
        2.811411
       -2.792532
       -0.266323
        0.266323
        2.792532
       -2.772884
       -0.266307
        0.266307
        2.772884
       -2.752474
       -0.266291
        0.266291
        2.752474
       -2.731313
       -0.266274
        0.266274
        2.731313
       -2.709410
       -0.266255
        0.266255
        2.709410
       -2.686775
       -0.266236
        0.266236
        2.686775
       -2.663418
       -0.266215
        0.266215
        2.663418
       -2.639350
       -0.266193
        0.266193
        2.639350
       -2.614581
       -0.266170
        0.266170
        2.614581
       -2.589124
       -0.266146
        0.266146
        2.589124
       -2.562990
       -0.266120
        0.266120
        2.562990
       -2.536191
       -0.266092
        0.266092
        2.536191
       -2.508739
       -0.266063
        0.266063
        2.508739
       -2.480646
       -0.266033
        0.266033
        2.480646
       -2.451926
       -0.266000
        0.266000
        2.451926
       -2.422592
       -0.265966
        0.265966
        2.422592
       -2.392658
       -0.265929
        0.265929
        2.392658
       -2.362137
       -0.265891
        0.265891
        2.362137
       -2.331043
       -0.265850
        0.265850
        2.331043
       -2.299392
       -0.265806
        0.265806
        2.299392
       -2.267197
       -0.265760
        0.265760
        2.267197
       -2.234475
       -0.265711
        0.265711
        2.234475
       -2.201239
       -0.265659
        0.265659
        2.201239
       -2.167507
       -0.265604
        0.265604
        2.167507
       -2.133294
       -0.265545
        0.265545
        2.133294
       -2.098616
       -0.265482
        0.265482
        2.098616
       -2.063491
       -0.265415
        0.265415
        2.063491
       -2.027934
       -0.265344
        0.265344
        2.027934
       -1.991963
       -0.265267
        0.265267
        1.991963
       -1.955596
       -0.265186
        0.265186
        1.955596
       -1.918851
       -0.265098
        0.265098
        1.918851
       -1.881745
       -0.265005
        0.265005
        1.881745
       -1.844298
       -0.264904
        0.264904
        1.844298
       -1.806527
       -0.264796
        0.264796
        1.806527
       -1.768454
       -0.264680
        0.264680
        1.768454
       -1.730096
       -0.264555
        0.264555
        1.730096
       -1.691474
       -0.264420
        0.264420
        1.691474
       -1.652609
       -0.264273
        0.264273
        1.652609
       -1.613521
       -0.264115
        0.264115
        1.613521
       -1.574232
       -0.263944
        0.263944
        1.574232
       -1.534764
       -0.263757
        0.263757
        1.534764
       -1.495139
       -0.263554
        0.263554
        1.495139
       -1.455381
       -0.263332
        0.263332
        1.455381
       -1.415514
       -0.263090
        0.263090
        1.415514
       -1.375561
       -0.262824
        0.262824
        1.375561
       -1.335550
       -0.262532
        0.262532
        1.335550
       -1.295506
       -0.262210
        0.262210
        1.295506
       -1.255458
       -0.261855
        0.261855
        1.255458
       -1.215434
       -0.261461
        0.261461
        1.215434
       -1.175467
       -0.261023
        0.261023
        1.175467
       -1.135589
       -0.260535
        0.260535
        1.135589
       -1.095834
       -0.259988
        0.259988
        1.095834
       -1.056242
       -0.259375
        0.259375
        1.056242
       -1.016853
       -0.258683
        0.258683
        1.016853
       -0.977713
       -0.257900
        0.257900
        0.977713
       -0.938870
       -0.257010
        0.257010
        0.938870
       -0.900381
       -0.255994
        0.255994
        0.900381
       -0.862309
       -0.254828
        0.254828
        0.862309
       -0.824724
       -0.253483
        0.253483
        0.824724
       -0.787709
       -0.251925
        0.251925
        0.787709
       -0.751359
       -0.250109
        0.250109
        0.751359
       -0.715785
       -0.247984
        0.247984
        0.715785
       -0.681119
       -0.245482
        0.245482
        0.681119
       -0.647516
       -0.242526
        0.242526
        0.647516
       -0.615157
       -0.239021
        0.239021
        0.615157
       -0.584258
       -0.234857
        0.234857
        0.584258
       -0.555061
       -0.229914
        0.229914
        0.555061
       -0.527838
       -0.224071
        0.224071
        0.527838
       -0.502874
       -0.217227
        0.217227
        0.502874
       -0.480440
       -0.209336
        0.209336
        0.480440
       -0.460766
       -0.200454
        0.200454
        0.460766
       -0.443998
       -0.190788
        0.190788
        0.443998
       -0.430175
       -0.180734
        0.180734
        0.430175
       -0.419231
       -0.170888
        0.170888
        0.419231
       -0.411023
       -0.162001
        0.162001
        0.411023
       -0.405364
       -0.154893
        0.154893
        0.405364
       -0.402073
       -0.150306
        0.150306
        0.402073
       -0.401001
       -0.148730
        0.148730
        0.401001
       -0.401264
       -0.149120
        0.149120
        0.401264
       -0.402047
       -0.150269
        0.150269
        0.402047
       -0.403346
       -0.152124
        0.152124
        0.403346
       -0.405156
       -0.154614
        0.154614
        0.405156
       -0.407478
       -0.157656
        0.157656
        0.407478
       -0.410310
       -0.161155
        0.161155
        0.410310
       -0.413654
       -0.165016
        0.165016
        0.413654
       -0.417510
       -0.169145
        0.169145
        0.417510
       -0.421875
       -0.173453
        0.173453
        0.421875
       -0.426748
       -0.177859
        0.177859
        0.426748
       -0.432122
       -0.182293
        0.182293
        0.432122
       -0.437987
       -0.186692
        0.186692
        0.437987
       -0.444333
       -0.191005
        0.191005
        0.444333
       -0.451143
       -0.195193
        0.195193
        0.451143
       -0.458397
       -0.199223
        0.199223
        0.458397
       -0.466074
       -0.203074
        0.203074
        0.466074
       -0.474149
       -0.206730
        0.206730
        0.474149
       -0.482594
       -0.210184
        0.210184
        0.482594
       -0.491382
       -0.213431
        0.213431
        0.491382
       -0.500482
       -0.216475
        0.216475
        0.500482
       -0.509865
       -0.219319
        0.219319
        0.509865
       -0.519502
       -0.221970
        0.221970
        0.519502
       -0.529364
       -0.224438
        0.224438
        0.529364
       -0.539423
       -0.226731
        0.226731
        0.539423
       -0.549653
       -0.228862
        0.228862
        0.549653
       -0.560027
       -0.230839
        0.230839
        0.560027
       -0.570522
       -0.232675
        0.232675
        0.570522
       -0.581116
       -0.234378
        0.234378
        0.581116
       -0.591788
       -0.235960
        0.235960
        0.591788
       -0.602518
       -0.237429
        0.237429
        0.602518
       -0.613288
       -0.238794
        0.238794
        0.613288
       -0.624082
       -0.240064
        0.240064
        0.624082
       -0.634883
       -0.241246
        0.241246
        0.634883
       -0.645678
       -0.242346
        0.242346
        0.645678
       -0.656454
       -0.243373
        0.243373
        0.656454
       -0.667198
       -0.244330
        0.244330
        0.667198
       -0.677899
       -0.245224
        0.245224
        0.677899
       -0.688547
       -0.246060
        0.246060
        0.688547
       -0.699132
       -0.246842
        0.246842
        0.699132
       -0.709645
       -0.247575
        0.247575
        0.709645
       -0.720077
       -0.248262
        0.248262
        0.720077
       -0.730422
       -0.248906
        0.248906
        0.730422
       -0.740671
       -0.249511
        0.249511
        0.740671
       -0.750819
       -0.250080
        0.250080
        0.750819
       -0.760859
       -0.250615
        0.250615
        0.760859
       -0.770785
       -0.251119
        0.251119
        0.770785
       -0.780591
       -0.251594
        0.251594
        0.780591
       -0.790274
       -0.252042
        0.252042
        0.790274
       -0.799827
       -0.252464
        0.252464
        0.799827
       -0.809247
       -0.252863
        0.252863
        0.809247
       -0.818530
       -0.253240
        0.253240
        0.818530
       -0.827670
       -0.253597
        0.253597
        0.827670
       -0.836666
       -0.253934
        0.253934
        0.836666
       -0.845512
       -0.254253
        0.254253
        0.845512
       -0.854206
       -0.254556
        0.254556
        0.854206
       -0.862745
       -0.254842
        0.254842
        0.862745
       -0.871126
       -0.255114
        0.255114
        0.871126
       -0.879345
       -0.255372
        0.255372
        0.879345
       -0.887401
       -0.255616
        0.255616
        0.887401
       -0.895290
       -0.255848
        0.255848
        0.895290
       -0.903010
       -0.256068
        0.256068
        0.903010
       -0.910560
       -0.256277
        0.256277
        0.910560
       -0.917936
       -0.256476
        0.256476
        0.917936
       -0.925136
       -0.256664
        0.256664
        0.925136
       -0.932160
       -0.256844
        0.256844
        0.932160
       -0.939004
       -0.257014
        0.257014
        0.939004
       -0.945668
       -0.257175
        0.257175
        0.945668
       -0.952148
       -0.257329
        0.257329
        0.952148
       -0.958445
       -0.257474
        0.257474
        0.958445
       -0.964555
       -0.257613
        0.257613
        0.964555
       -0.970478
       -0.257744
        0.257744
        0.970478
       -0.976213
       -0.257868
        0.257868
        0.976213
       -0.981757
       -0.257986
        0.257986
        0.981757
       -0.987110
       -0.258098
        0.258098
        0.987110
       -0.992271
       -0.258204
        0.258204
        0.992271
       -0.997237
       -0.258304
        0.258304
        0.997237
       -1.002009
       -0.258398
        0.258398
        1.002009
       -1.006586
       -0.258488
        0.258488
        1.006586
       -1.010965
       -0.258572
        0.258572
        1.010965
       -1.015147
       -0.258651
        0.258651
        1.015147
       -1.019130
       -0.258726
        0.258726
        1.019130
       -1.022913
       -0.258795
        0.258795
        1.022913
       -1.026497
       -0.258861
        0.258861
        1.026497
       -1.029879
       -0.258922
        0.258922
        1.029879
       -1.033060
       -0.258978
        0.258978
        1.033060
       -1.036038
       -0.259031
        0.259031
        1.036038
       -1.038814
       -0.259080
        0.259080
        1.038814
       -1.041386
       -0.259124
        0.259124
        1.041386
       -1.043754
       -0.259165
        0.259165
        1.043754
       -1.045918
       -0.259202
        0.259202
        1.045918
       -1.047877
       -0.259235
        0.259235
        1.047877
       -1.049631
       -0.259265
        0.259265
        1.049631
       -1.051179
       -0.259291
        0.259291
        1.051179
       -1.052522
       -0.259313
        0.259313
        1.052522
       -1.053658
       -0.259332
        0.259332
        1.053658
       -1.054588
       -0.259347
        0.259347
        1.054588
       -1.055312
       -0.259359
        0.259359
        1.055312
       -1.055829
       -0.259368
        0.259368
        1.055829
       -1.056139
       -0.259373
        0.259373
        1.056139
       -1.056242
       -0.259375
        0.259375
        1.056242
       -1.057172
       -0.259390
        0.259390
        1.057172
       -1.059957
       -0.259436
        0.259436
        1.059957
       -1.064579
       -0.259510
        0.259510
        1.064579
       -1.071011
       -0.259612
        0.259612
        1.071011
       -1.079215
       -0.259740
        0.259740
        1.079215
       -1.089142
       -0.259890
        0.259890
        1.089142
       -1.100738
       -0.260059
        0.260059
        1.100738
       -1.113940
       -0.260245
        0.260245
        1.113940
       -1.128679
       -0.260444
        0.260444
        1.128679
       -1.144883
       -0.260653
        0.260653
        1.144883
       -1.162474
       -0.260870
        0.260870
        1.162474
       -1.181376
       -0.261091
        0.261091
        1.181376
       -1.201507
       -0.261313
        0.261313
        1.201507
       -1.222789
       -0.261536
        0.261536
        1.222789
       -1.245143
       -0.261757
        0.261757
        1.245143
       -1.268489
       -0.261974
        0.261974
        1.268489
       -1.292754
       -0.262187
        0.262187
        1.292754
       -1.317862
       -0.262394
        0.262394
        1.317862
       -1.343743
       -0.262594
        0.262594
        1.343743
       -1.370328
       -0.262787
        0.262787
        1.370328
       -1.397551
       -0.262973
        0.262973
        1.397551
       -1.425349
       -0.263152
        0.263152
        1.425349
       -1.453664
       -0.263322
        0.263322
        1.453664
       -1.482438
       -0.263485
        0.263485
        1.482438
       -1.511618
       -0.263640
        0.263640
        1.511618
       -1.541152
       -0.263788
        0.263788
        1.541152
       -1.570992
       -0.263929
        0.263929
        1.570992
       -1.601093
       -0.264062
        0.264062
        1.601093
       -1.631410
       -0.264189
        0.264189
        1.631410
       -1.661903
       -0.264309
        0.264309
        1.661903
       -1.692533
       -0.264423
        0.264423
        1.692533
       -1.723264
       -0.264531
        0.264531
        1.723264
       -1.754060
       -0.264634
        0.264634
        1.754060
       -1.784888
       -0.264731
        0.264731
        1.784888
       -1.815717
       -0.264823
        0.264823
        1.815717
       -1.846518
       -0.264910
        0.264910
        1.846518
       -1.877261
       -0.264993
        0.264993
        1.877261
       -1.907921
       -0.265071
        0.265071
        1.907921
       -1.938471
       -0.265146
        0.265146
        1.938471
       -1.968887
       -0.265216
        0.265216
        1.968887
       -1.999146
       -0.265283
        0.265283
        1.999146
       -2.029225
       -0.265346
        0.265346
        2.029225
       -2.059104
       -0.265406
        0.265406
        2.059104
       -2.088762
       -0.265464
        0.265464
        2.088762
       -2.118180
       -0.265518
        0.265518
        2.118180
       -2.147339
       -0.265569
        0.265569
        2.147339
       -2.176221
       -0.265618
        0.265618
        2.176221
       -2.204809
       -0.265665
        0.265665
        2.204809
       -2.233087
       -0.265709
        0.265709
        2.233087
       -2.261039
       -0.265751
        0.265751
        2.261039
       -2.288650
       -0.265791
        0.265791
        2.288650
       -2.315906
       -0.265829
        0.265829
        2.315906
       -2.342791
       -0.265865
        0.265865
        2.342791
       -2.369294
       -0.265900
        0.265900
        2.369294
       -2.395400
       -0.265933
        0.265933
        2.395400
       -2.421097
       -0.265964
        0.265964
        2.421097
       -2.446373
       -0.265994
        0.265994
        2.446373
       -2.471217
       -0.266022
        0.266022
        2.471217
       -2.495617
       -0.266049
        0.266049
        2.495617
       -2.519562
       -0.266075
        0.266075
        2.519562
       -2.543043
       -0.266100
        0.266100
        2.543043
       -2.566047
       -0.266123
        0.266123
        2.566047
       -2.588567
       -0.266145
        0.266145
        2.588567
       -2.610593
       -0.266166
        0.266166
        2.610593
       -2.632115
       -0.266187
        0.266187
        2.632115
       -2.653125
       -0.266206
        0.266206
        2.653125
       -2.673614
       -0.266224
        0.266224
        2.673614
       -2.693575
       -0.266242
        0.266242
        2.693575
       -2.712999
       -0.266258
        0.266258
        2.712999
       -2.731879
       -0.266274
        0.266274
        2.731879
       -2.750207
       -0.266289
        0.266289
        2.750207
       -2.767978
       -0.266303
        0.266303
        2.767978
       -2.785183
       -0.266317
        0.266317
        2.785183
       -2.801817
       -0.266330
        0.266330
        2.801817
       -2.817874
       -0.266342
        0.266342
        2.817874
       -2.833347
       -0.266354
        0.266354
        2.833347
       -2.848231
       -0.266365
        0.266365
        2.848231
       -2.862520
       -0.266375
        0.266375
        2.862520
       -2.876210
       -0.266385
        0.266385
        2.876210
       -2.889295
       -0.266394
        0.266394
        2.889295
       -2.901771
       -0.266402
        0.266402
        2.901771
       -2.913633
       -0.266411
        0.266411
        2.913633
       -2.924878
       -0.266418
        0.266418
        2.924878
       -2.935501
       -0.266425
        0.266425
        2.935501
       -2.945499
       -0.266432
        0.266432
        2.945499
       -2.954867
       -0.266438
        0.266438
        2.954867
       -2.963604
       -0.266444
        0.266444
        2.963604
       -2.971706
       -0.266449
        0.266449
        2.971706
       -2.979169
       -0.266454
        0.266454
        2.979169
       -2.985992
       -0.266458
        0.266458
        2.985992
       -2.992172
       -0.266462
        0.266462
        2.992172
       -2.997708
       -0.266465
        0.266465
        2.997708
       -3.002596
       -0.266468
        0.266468
        3.002596
       -3.006836
       -0.266471
        0.266471
        3.006836
       -3.010427
       -0.266473
        0.266473
        3.010427
       -3.013366
       -0.266475
        0.266475
        3.013366
       -3.015653
       -0.266476
        0.266476
        3.015653
       -3.017287
       -0.266477
        0.266477
        3.017287
       -3.018267
       -0.266478
        0.266478
        3.018267
       -3.018594
       -0.266478
        0.266478
        3.018594
       -3.018594
       -0.266478
        0.266478
        3.018594
       -3.018158
       -0.266478
        0.266478
        3.018158
       -3.016851
       -0.266477
        0.266477
        3.016851
       -3.014672
       -0.266476
        0.266476
        3.014672
       -3.011624
       -0.266474
        0.266474
        3.011624
       -3.007707
       -0.266472
        0.266472
        3.007707
       -3.002922
       -0.266469
        0.266469
        3.002922
       -2.997273
       -0.266465
        0.266465
        2.997273
       -2.990762
       -0.266461
        0.266461
        2.990762
       -2.983392
       -0.266456
        0.266456
        2.983392
       -2.975165
       -0.266451
        0.266451
        2.975165
       -2.966086
       -0.266445
        0.266445
        2.966086
       -2.956160
       -0.266439
        0.266439
        2.956160
       -2.945389
       -0.266432
        0.266432
        2.945389
       -2.933779
       -0.266424
        0.266424
        2.933779
       -2.921336
       -0.266416
        0.266416
        2.921336
       -2.908065
       -0.266407
        0.266407
        2.908065
       -2.893972
       -0.266397
        0.266397
        2.893972
       -2.879063
       -0.266387
        0.266387
        2.879063
       -2.863345
       -0.266375
        0.266375
        2.863345
       -2.846826
       -0.266363
        0.266363
        2.846826
       -2.829512
       -0.266351
        0.266351
        2.829512
       -2.811411
       -0.266337
        0.266337
        2.811411
       -2.792532
       -0.266323
        0.266323
        2.792532
       -2.772884
       -0.266307
        0.266307
        2.772884
       -2.752474
       -0.266291
        0.266291
        2.752474
       -2.731313
       -0.266274
        0.266274
        2.731313
       -2.709410
       -0.266255
        0.266255
        2.709410
       -2.686775
       -0.266236
        0.266236
        2.686775
       -2.663418
       -0.266215
        0.266215
        2.663418
       -2.639350
       -0.266193
        0.266193
        2.639350
       -2.614581
       -0.266170
        0.266170
        2.614581
       -2.589124
       -0.266146
        0.266146
        2.589124
       -2.562990
       -0.266120
        0.266120
        2.562990
       -2.536191
       -0.266092
        0.266092
        2.536191
       -2.508739
       -0.266063
        0.266063
        2.508739
       -2.480646
       -0.266033
        0.266033
        2.480646
       -2.451926
       -0.266000
        0.266000
        2.451926
       -2.422592
       -0.265966
        0.265966
        2.422592
       -2.392658
       -0.265929
        0.265929
        2.392658
       -2.362137
       -0.265891
        0.265891
        2.362137
       -2.331043
       -0.265850
        0.265850
        2.331043
       -2.299392
       -0.265806
        0.265806
        2.299392
       -2.267197
       -0.265760
        0.265760
        2.267197
       -2.234475
       -0.265711
        0.265711
        2.234475
       -2.201239
       -0.265659
        0.265659
        2.201239
       -2.167507
       -0.265604
        0.265604
        2.167507
       -2.133294
       -0.265545
        0.265545
        2.133294
       -2.098616
       -0.265482
        0.265482
        2.098616
       -2.063491
       -0.265415
        0.265415
        2.063491
       -2.027934
       -0.265344
        0.265344
        2.027934
       -1.991963
       -0.265267
        0.265267
        1.991963
       -1.955596
       -0.265186
        0.265186
        1.955596
       -1.918851
       -0.265098
        0.265098
        1.918851
       -1.881745
       -0.265005
        0.265005
        1.881745
       -1.844298
       -0.264904
        0.264904
        1.844298
       -1.806527
       -0.264796
        0.264796
        1.806527
       -1.768454
       -0.264680
        0.264680
        1.768454
       -1.730096
       -0.264555
        0.264555
        1.730096
       -1.691474
       -0.264420
        0.264420
        1.691474
       -1.652609
       -0.264273
        0.264273
        1.652609
       -1.613521
       -0.264115
        0.264115
        1.613521
       -1.574232
       -0.263944
        0.263944
        1.574232
       -1.534764
       -0.263757
        0.263757
        1.534764
       -1.495139
       -0.263554
        0.263554
        1.495139
       -1.455381
       -0.263332
        0.263332
        1.455381
       -1.415514
       -0.263090
        0.263090
        1.415514
       -1.375561
       -0.262824
        0.262824
        1.375561
       -1.335550
       -0.262532
        0.262532
        1.335550
       -1.295506
       -0.262210
        0.262210
        1.295506
       -1.255458
       -0.261855
        0.261855
        1.255458
       -1.215434
       -0.261461
        0.261461
        1.215434
       -1.175467
       -0.261023
        0.261023
        1.175467
       -1.135589
       -0.260535
        0.260535
        1.135589
       -1.095834
       -0.259988
        0.259988
        1.095834
       -1.056242
       -0.259375
        0.259375
        1.056242
       -1.016853
       -0.258683
        0.258683
        1.016853
       -0.977713
       -0.257900
        0.257900
        0.977713
       -0.938870
       -0.257010
        0.257010
        0.938870
       -0.900381
       -0.255994
        0.255994
        0.900381
       -0.862309
       -0.254828
        0.254828
        0.862309
       -0.824724
       -0.253483
        0.253483
        0.824724
       -0.787709
       -0.251925
        0.251925
        0.787709
       -0.751359
       -0.250109
        0.250109
        0.751359
       -0.715785
       -0.247984
        0.247984
        0.715785
       -0.681119
       -0.245482
        0.245482
        0.681119
       -0.647516
       -0.242526
        0.242526
        0.647516
       -0.615157
       -0.239021
        0.239021
        0.615157
       -0.584258
       -0.234857
        0.234857
        0.584258
       -0.555061
       -0.229914
        0.229914
        0.555061
       -0.527838
       -0.224071
        0.224071
        0.527838
       -0.502874
       -0.217227
        0.217227
        0.502874
       -0.480440
       -0.209336
        0.209336
        0.480440
       -0.460766
       -0.200454
        0.200454
        0.460766
       -0.443998
       -0.190788
        0.190788
        0.443998
       -0.430175
       -0.180734
        0.180734
        0.430175
       -0.419231
       -0.170888
        0.170888
        0.419231
       -0.411023
       -0.162001
        0.162001
        0.411023
       -0.405364
       -0.154893
        0.154893
        0.405364
       -0.402073
       -0.150306
        0.150306
        0.402073
       -0.401001
       -0.148730
        0.148730
        0.401001
       -0.401264
       -0.149120
        0.149120
        0.401264
       -0.402047
       -0.150269
        0.150269
        0.402047
       -0.403346
       -0.152124
        0.152124
        0.403346
       -0.405156
       -0.154614
        0.154614
        0.405156
       -0.407478
       -0.157656
        0.157656
        0.407478
       -0.410310
       -0.161155
        0.161155
        0.410310
       -0.413654
       -0.165016
        0.165016
        0.413654
       -0.417510
       -0.169145
        0.169145
        0.417510
       -0.421875
       -0.173453
        0.173453
        0.421875
       -0.426748
       -0.177859
        0.177859
        0.426748
       -0.432122
       -0.182293
        0.182293
        0.432122
       -0.437987
       -0.186692
        0.186692
        0.437987
       -0.444333
       -0.191005
        0.191005
        0.444333
       -0.451143
       -0.195193
        0.195193
        0.451143
       -0.458397
       -0.199223
        0.199223
        0.458397
       -0.466074
       -0.203074
        0.203074
        0.466074
       -0.474149
       -0.206730
        0.206730
        0.474149
       -0.482594
       -0.210184
        0.210184
        0.482594
       -0.491382
       -0.213431
        0.213431
        0.491382
       -0.500482
       -0.216475
        0.216475
        0.500482
       -0.509865
       -0.219319
        0.219319
        0.509865
       -0.519502
       -0.221970
        0.221970
        0.519502
       -0.529364
       -0.224438
        0.224438
        0.529364
       -0.539423
       -0.226731
        0.226731
        0.539423
       -0.549653
       -0.228862
        0.228862
        0.549653
       -0.560027
       -0.230839
        0.230839
        0.560027
       -0.570522
       -0.232675
        0.232675
        0.570522
       -0.581116
       -0.234378
        0.234378
        0.581116
       -0.591788
       -0.235960
        0.235960
        0.591788
       -0.602518
       -0.237429
        0.237429
        0.602518
       -0.613288
       -0.238794
        0.238794
        0.613288
       -0.624082
       -0.240064
        0.240064
        0.624082
       -0.634883
       -0.241246
        0.241246
        0.634883
       -0.645678
       -0.242346
        0.242346
        0.645678
       -0.656454
       -0.243373
        0.243373
        0.656454
       -0.667198
       -0.244330
        0.244330
        0.667198
       -0.677899
       -0.245224
        0.245224
        0.677899
       -0.688547
       -0.246060
        0.246060
        0.688547
       -0.699132
       -0.246842
        0.246842
        0.699132
       -0.709645
       -0.247575
        0.247575
        0.709645
       -0.720077
       -0.248262
        0.248262
        0.720077
       -0.730422
       -0.248906
        0.248906
        0.730422
       -0.740671
       -0.249511
        0.249511
        0.740671
       -0.750819
       -0.250080
        0.250080
        0.750819
       -0.760859
       -0.250615
        0.250615
        0.760859
       -0.770785
       -0.251119
        0.251119
        0.770785
       -0.780591
       -0.251594
        0.251594
        0.780591
       -0.790274
       -0.252042
        0.252042
        0.790274
       -0.799827
       -0.252464
        0.252464
        0.799827
       -0.809247
       -0.252863
        0.252863
        0.809247
       -0.818530
       -0.253240
        0.253240
        0.818530
       -0.827670
       -0.253597
        0.253597
        0.827670
       -0.836666
       -0.253934
        0.253934
        0.836666
       -0.845512
       -0.254253
        0.254253
        0.845512
       -0.854206
       -0.254556
        0.254556
        0.854206
       -0.862745
       -0.254842
        0.254842
        0.862745
       -0.871126
       -0.255114
        0.255114
        0.871126
       -0.879345
       -0.255372
        0.255372
        0.879345
       -0.887401
       -0.255616
        0.255616
        0.887401
       -0.895290
       -0.255848
        0.255848
        0.895290
       -0.903010
       -0.256068
        0.256068
        0.903010
       -0.910560
       -0.256277
        0.256277
        0.910560
       -0.917936
       -0.256476
        0.256476
        0.917936
       -0.925136
       -0.256664
        0.256664
        0.925136
       -0.932160
       -0.256844
        0.256844
        0.932160
       -0.939004
       -0.257014
        0.257014
        0.939004
       -0.945668
       -0.257175
        0.257175
        0.945668
       -0.952148
       -0.257329
        0.257329
        0.952148
       -0.958445
       -0.257474
        0.257474
        0.958445
       -0.964555
       -0.257613
        0.257613
        0.964555
       -0.970478
       -0.257744
        0.257744
        0.970478
       -0.976213
       -0.257868
        0.257868
        0.976213
       -0.981757
       -0.257986
        0.257986
        0.981757
       -0.987110
       -0.258098
        0.258098
        0.987110
       -0.992271
       -0.258204
        0.258204
        0.992271
       -0.997237
       -0.258304
        0.258304
        0.997237
       -1.002009
       -0.258398
        0.258398
        1.002009
       -1.006586
       -0.258488
        0.258488
        1.006586
       -1.010965
       -0.258572
        0.258572
        1.010965
       -1.015147
       -0.258651
        0.258651
        1.015147
       -1.019130
       -0.258726
        0.258726
        1.019130
       -1.022913
       -0.258795
        0.258795
        1.022913
       -1.026497
       -0.258861
        0.258861
        1.026497
       -1.029879
       -0.258922
        0.258922
        1.029879
       -1.033060
       -0.258978
        0.258978
        1.033060
       -1.036038
       -0.259031
        0.259031
        1.036038
       -1.038814
       -0.259080
        0.259080
        1.038814
       -1.041386
       -0.259124
        0.259124
        1.041386
       -1.043754
       -0.259165
        0.259165
        1.043754
       -1.045918
       -0.259202
        0.259202
        1.045918
       -1.047877
       -0.259235
        0.259235
        1.047877
       -1.049631
       -0.259265
        0.259265
        1.049631
       -1.051179
       -0.259291
        0.259291
        1.051179
       -1.052522
       -0.259313
        0.259313
        1.052522
       -1.053658
       -0.259332
        0.259332
        1.053658
       -1.054588
       -0.259347
        0.259347
        1.054588
       -1.055312
       -0.259359
        0.259359
        1.055312
       -1.055829
       -0.259368
        0.259368
        1.055829
       -1.056139
       -0.259373
        0.259373
        1.056139
       -1.056242
       -0.259375
        0.259375
        1.056242
       -1.057172
       -0.259390
        0.259390
        1.057172
       -1.059957
       -0.259436
        0.259436
        1.059957
       -1.064579
       -0.259510
        0.259510
        1.064579
       -1.071011
       -0.259612
        0.259612
        1.071011
       -1.079215
       -0.259740
        0.259740
        1.079215
       -1.089142
       -0.259890
        0.259890
        1.089142
       -1.100738
       -0.260059
        0.260059
        1.100738
       -1.113940
       -0.260245
        0.260245
        1.113940
       -1.128679
       -0.260444
        0.260444
        1.128679
       -1.144883
       -0.260653
        0.260653
        1.144883
       -1.162474
       -0.260870
        0.260870
        1.162474
       -1.181376
       -0.261091
        0.261091
        1.181376
       -1.201507
       -0.261313
        0.261313
        1.201507
       -1.222789
       -0.261536
        0.261536
        1.222789
       -1.245143
       -0.261757
        0.261757
        1.245143
       -1.268489
       -0.261974
        0.261974
        1.268489
       -1.292754
       -0.262187
        0.262187
        1.292754
       -1.317862
       -0.262394
        0.262394
        1.317862
       -1.343743
       -0.262594
        0.262594
        1.343743
       -1.370328
       -0.262787
        0.262787
        1.370328
       -1.397551
       -0.262973
        0.262973
        1.397551
       -1.425349
       -0.263152
        0.263152
        1.425349
       -1.453664
       -0.263322
        0.263322
        1.453664
       -1.482438
       -0.263485
        0.263485
        1.482438
       -1.511618
       -0.263640
        0.263640
        1.511618
       -1.541152
       -0.263788
        0.263788
        1.541152
       -1.570992
       -0.263929
        0.263929
        1.570992
       -1.601093
       -0.264062
        0.264062
        1.601093
       -1.631410
       -0.264189
        0.264189
        1.631410
       -1.661903
       -0.264309
        0.264309
        1.661903
       -1.692533
       -0.264423
        0.264423
        1.692533
       -1.723264
       -0.264531
        0.264531
        1.723264
       -1.754060
       -0.264634
        0.264634
        1.754060
       -1.784888
       -0.264731
        0.264731
        1.784888
       -1.815717
       -0.264823
        0.264823
        1.815717
       -1.846518
       -0.264910
        0.264910
        1.846518
       -1.877261
       -0.264993
        0.264993
        1.877261
       -1.907921
       -0.265071
        0.265071
        1.907921
       -1.938471
       -0.265146
        0.265146
        1.938471
       -1.968887
       -0.265216
        0.265216
        1.968887
       -1.999146
       -0.265283
        0.265283
        1.999146
       -2.029225
       -0.265346
        0.265346
        2.029225
       -2.059104
       -0.265406
        0.265406
        2.059104
       -2.088762
       -0.265464
        0.265464
        2.088762
       -2.118180
       -0.265518
        0.265518
        2.118180
       -2.147339
       -0.265569
        0.265569
        2.147339
       -2.176221
       -0.265618
        0.265618
        2.176221
       -2.204809
       -0.265665
        0.265665
        2.204809
       -2.233087
       -0.265709
        0.265709
        2.233087
       -2.261039
       -0.265751
        0.265751
        2.261039
       -2.288650
       -0.265791
        0.265791
        2.288650
       -2.315906
       -0.265829
        0.265829
        2.315906
       -2.342791
       -0.265865
        0.265865
        2.342791
       -2.369294
       -0.265900
        0.265900
        2.369294
       -2.395400
       -0.265933
        0.265933
        2.395400
       -2.421097
       -0.265964
        0.265964
        2.421097
       -2.446373
       -0.265994
        0.265994
        2.446373
       -2.471217
       -0.266022
        0.266022
        2.471217
       -2.495617
       -0.266049
        0.266049
        2.495617
       -2.519562
       -0.266075
        0.266075
        2.519562
       -2.543043
       -0.266100
        0.266100
        2.543043
       -2.566047
       -0.266123
        0.266123
        2.566047
       -2.588567
       -0.266145
        0.266145
        2.588567
       -2.610593
       -0.266166
        0.266166
        2.610593
       -2.632115
       -0.266187
        0.266187
        2.632115
       -2.653125
       -0.266206
        0.266206
        2.653125
       -2.673614
       -0.266224
        0.266224
        2.673614
       -2.693575
       -0.266242
        0.266242
        2.693575
       -2.712999
       -0.266258
        0.266258
        2.712999
       -2.731879
       -0.266274
        0.266274
        2.731879
       -2.750207
       -0.266289
        0.266289
        2.750207
       -2.767978
       -0.266303
        0.266303
        2.767978
       -2.785183
       -0.266317
        0.266317
        2.785183
       -2.801817
       -0.266330
        0.266330
        2.801817
       -2.817874
       -0.266342
        0.266342
        2.817874
       -2.833347
       -0.266354
        0.266354
        2.833347
       -2.848231
       -0.266365
        0.266365
        2.848231
       -2.862520
       -0.266375
        0.266375
        2.862520
       -2.876210
       -0.266385
        0.266385
        2.876210
       -2.889295
       -0.266394
        0.266394
        2.889295
       -2.901771
       -0.266402
        0.266402
        2.901771
       -2.913633
       -0.266411
        0.266411
        2.913633
       -2.924878
       -0.266418
        0.266418
        2.924878
       -2.935501
       -0.266425
        0.266425
        2.935501
       -2.945499
       -0.266432
        0.266432
        2.945499
       -2.954867
       -0.266438
        0.266438
        2.954867
       -2.963604
       -0.266444
        0.266444
        2.963604
       -2.971706
       -0.266449
        0.266449
        2.971706
       -2.979169
       -0.266454
        0.266454
        2.979169
       -2.985992
       -0.266458
        0.266458
        2.985992
       -2.992172
       -0.266462
        0.266462
        2.992172
       -2.997708
       -0.266465
        0.266465
        2.997708
       -3.002596
       -0.266468
        0.266468
        3.002596
       -3.006836
       -0.266471
        0.266471
        3.006836
       -3.010427
       -0.266473
        0.266473
        3.010427
       -3.013366
       -0.266475
        0.266475
        3.013366
       -3.015653
       -0.266476
        0.266476
        3.015653
       -3.017287
       -0.266477
        0.266477
        3.017287
       -3.018267
       -0.266478
        0.266478
        3.018267
       -3.018594
       -0.266478
        0.266478
        3.018594
